ap_plats = [[4.5383300781250, 4.5385742187500],
            [4.5388183593750, 4.5429687500000],
            [4.5623779296875, 4.5931396484375],
            [4.6188964843750, 4.6457519531250],
            [4.6694335937500, 4.6881103515625],
            [4.7681884765625, 4.7993164062500],
            [4.8530273437500, 4.8603515625000],
            [4.9665527343750, 4.9692382812500],
            [5.1469726562500, 5.1496582031250],
            [5.1904296875000, 5.5366210937500],
            [5.5659179687500, 5.6077880859375],
            [5.6342773437500, 5.6768798828125],
            [5.6821289062500, 5.6857910156250],
            [5.6859130859375, 5.6860351562500],
            [5.6916503906250, 5.6951904296875],
            [5.6999511718750, 10]];

ap_reps = [4.538452 4.540894 4.580000 4.632324 4.678772 4.783752 4.860000 ...
          4.967896 5.148315 5.400000 5.590000 5.650000 5.683960 5.685974 5.693420 5.849976];

save aprepdat ap_plats ap_reps

